33.1
41.1
38.8
24.3
15.7
15.9
16.2
16.7
38.4
31.4
15.3
6.54
23.9
38.6
14.9
9.78
6.21
24
14.6
0
69.2
72.1
52.5
55.7
55.7
48.7
46.9
48
54.1
45.4
42.1
49
53.1
45.4
42.1
43.5
44.4
44.4
43.9
41
42
38.7
38.7
35
38.7
31.3
33.5
32
38.6
41
44.3
35.9
29.8
33.4
40.9
39.4
31.2
29.7
29.7
29.7
33.4
31.2
29.7
29.7
29.7
29.7
29.7
33.3
29.7
29.7
37
39
30.3
29.7
29.6
15.4
0
0
40.1
33.6
23
15.7
0
0
0
0
0
0
0
0
0
0
0
15.5
0
0
0
0
0
0
0
0
0
0
0
0
0
0
0
0
0
0
0
0
0
0
0
0
0
0
0
0
0
0
0
0
0
0
0
0
0
0
0
0
0
0
0
0
0
0
0
0
0
0
0
0
0
0
0
0
0
0
0
0
0
0
0
0
0
0
0
0
0
0
184
369
355
320
383
553
564
502
430
350
388
634
788
682
538
419
372
214
72.2
21.7
0
0
0
53.9
72.5
12.5
0
0
0
45.6
89.7
52.5
52.9
52.1
19.1
0
0
0
0
0
0
0
0
50.9
342
286
115
154
169
124
168
124
47.8
75.1
209
246
173
145
102
82.3
19.5
0
0
0
0
0
0
0
29.6
126
171
179
176
167
155
88.1
19.7
0
0
0
0
46.2
71.2
46.1
29.6
82.6
97
63.4
0
0
0
0
0
0
57.4
88.3
80.3
33.3
0
0
0
31.1
48
46.4
44.8
17.6
0
0
0
67.4
232
332
321
182
263
273
188
110
83.6
80.6
34.1
0
51.5
82.7
29.9
0
0
0
53.9
59
15.8
0
0
56.8
91.9
47.4
0
0
0
52.6
94.1
62.6
46.6
47.2
48
48.7
49.4
49.7
49.5
49.6
49.4
49.6
49.5
49.3
49.1
48.7
47.2
46
44.8
16.6
0
0
0
48.8
75.6
72.2
31.4
0
0
60.1
95.8
39.9
0
0
0
131
143
82.1
30.1
13.4
45.2
44.4
20
0
0
18.5
29.2
28.8
28.4
28.5
28.7
28.6
28.4
28.2
28.8
29.8
39.9
58.2
56.6
55.6
33.8
19.5
31.7
40.3
40
39.2
38.4
37.7
15.1
0
0
18.9
41.9
41.2
40.6
40
39.2
38.6
38.1
37.5
27.6
18.6
18.4
18.1
8.69
0
0
0
0
0
0
0
0
0
0
0
0
0
0
0
0
0
0
0
0
0
0
0
0
0
0
20.1
55.5
28.6
16.7
53.9
51.3
18.2
0
0
33.1
51.4
18.4
0
0
0
0
0
0
34.4
52.8
36.1
0
0
0
0
0
0
35.8
52.3
19.5
0
26.6
54.8
56.8
90.6
91.4
50.2
48
16.9
0
30.3
49.3
47.2
17.1
0
0
0
0
0
19.6
51.9
32
13.4
41.1
50.1
50
70.7
57.1
28.8
42.5
59.9
46.3
33.6
19
25.2
64.8
95.1
65
44.8
44.7
45.2
92.1
89.9
128
150
87.4
67.8
67.7
62.7
62.3
49.1
11.2
52.5
76.4
93.6
148
153
145
129
101
69.4
68.8
69.5
75.8
116
97.9
77.1
74.4
62.3
109
235
177
97.6
94.4
79.8
79.6
54.8
42.7
21.9
16.6
74.8
85.3
57.5
45
42.8
15.2
0
0
32.9
45.5
43.7
16.4
0
0
35
122
145
179
349
585
696
547
371
259
189
110
76.5
95.8
74.1
13.4
0
0
31.4
113
213
342
341
255
247
231
148
99.4
140
106
41.6
0
68.8
72.1
32.4
0
0
0
0
0
0
0
27.1
50.2
47.5
15.2
0
0
0
0
0
28.1
43.3
28.2
0
0
31.5
60.7
46.3
108
204
176
168
119
89.3
34.4
0
32.1
55.2
23.4
0
0
60.2
87
28.6
0
0
10.2
88.5
103
97
93
33.2
31.2
17.9
34.7
52.2
50.3
49.4
48.8
47.6
17
0
30.4
46.3
45.8
18.8
0
17.3
27.4
27
11.8
0
0
0
0
0
17.2
27.6
27
9.65
0
0
0
0
0
0
19
31.2
30.7
30.5
12.3
49.9
57.6
24.6
24.9
26
44.5
84.5
89.6
147
156
103
80.3
77.5
76
43.6
23.8
25.1
25.7
26.2
25.7
25.9
25.7
10.3
0
51.6
59.8
20.6
21.4
37.9
46
43.2
40.9
38.4
37.1
14.9
0
0
0
0
0
0
0
25.9
48.5
47.3
30.7
43.2
89.2
67.6
47.3
11.1
60.2
0
29.9
47.7
47.4
47.9
48.4
58.8
85.4
64.4
48.6
23.7
27.6
31.5
23.6
65.7
71.8
52.9
49.1
50.2
49.4
48.6
30.4
27.6
51.2
53.9
54
54.2
43.8
18.9
58.3
54.9
54
46
22.9
37.6
37.5
36.5
36.4
23.6
38.5
37.2
38
39.6
41.3
42.5
43.4
43.7
42.4
42
41.2
40.9
40.2
40.3
40.4
39.8
40
39.4
38.5
37.8
38.3
36.9
36
36
35.8
34.6
34.5
34.9
34.8
33.3
32.8
33
32.7
32.4
13.6
0
0
13.7
18.8
0
0
26.3
43.3
15.2
20.9
22.8
0
0
0
0
0
0
0
28.7
16
0
0
30.9
29.2
19
6.75
0
0
0
28.6
50.5
66.3
26.8
0
0
0
0
0
0
31.2
52.5
50.9
51.2
50.5
17.2
0
0
0
0
0
0
0
0
0
0
67.3
68.5
52.6
25.7
0
6.97
34.1
30.7
63.8
127
78.9
18.3
0
18.7
98.7
110
253
351
294
221
201
195
188
202
213
202
185
156
150
146
98
81.3
84.1
131
147
171
169
160
170
150
141
94.8
106
77.9
52.6
139
496
616
486
285
213
174
94.9
74.8
52.2
39.4
39.6
20.5
0
0
0
126
124
172
161
174
136
152
132
96.5
69.8
43.7
43.8
44.8
118
223
202
198
229
183
127
86.8
66.9
57.6
36.7
36.9
32
75.4
25.6
0
248
384
356
315
224
123
41.1
33.4
27.1
12.3
0
0
0
0
0
0
0
0
0
0
0
0
0
0
0
0
0
0
0
35
94.6
185
213
219
237
229
179
105
79
59.9
60.8
49.2
49.2
48.4
65.1
132
145
115
42
95.1
116
53.4
37.5
109
110
67.2
63.9
41.3
33.7
35.5
38.1
39.4
408
42.2
42.4
150
389
525
564
505
371
305
258
240
217
193
167
117
104
82.2
49.1
41.9
44.2
44.8
44.7
44.9
47.4
48.5
49.5
49.7
50.4
50.7
50.3
51.9
52.9
63.8
85.4
30.2
24.9
46
58.7
46
40
40.6
44.3
56.4
60
59.7
19.9
0
0
0
0
0
13.2
44.4
45.5
46.2
46.6
46.6
46.8
86.6
57.6
41.2
24.4
0
0
44.2
24.6
0
0
0
31
44.6
45.9
30.9
19.2
19.1
19
19.2
55.7
30.5
5.15
18.2
18.5
18.6
35
34.1
17.7
17.9
18.4
18.6
18.9
19.1
19.3
19.6
38.7
45.6
29.8
19
19.3
19.5
19.5
19.5
19.6
64.4
88.3
78.9
36.4
15.2
14
14.7
17.3
24.9
47.6
100
64.4
36.6
69.7
59.1
48
28.7
26.1
30.3
33.2
34.8
43.3
55
15.8
0
0
0
41.8
60
44.8
34.3
26.5
25.1
24.3
26.2
27
26.4
26.2
28.3
27.6
26.4
23.2
18.8
20.7
26.7
28.4
29.8
30.5
26.5
24.2
19.8
16.4
16
6.29
0
0
0
0
0
0
29.7
91.3
145
98.5
96.3
99.8
101
102
105
90
103
95.3
107
107
106
102
95.8
94.4
99.2
105
91.8
99
85.3
78.3
80
88.6
104
80.3
57
3.28
24.2
24.7
24.7
24.2
23.7
9.86
0
0
0
0
0
0
0
14.8
17.5
0
27.8
50.3
49.1
50.3
92.9
92.8
51.3
40.6
43.6
44
40.7
14.6
54.6
61.3
62.1
64.4
64
19.7
0
9.72
47.9
90
41.4
6.82
37.3
37.6
84.8
98
87
53.7
36.3
18.1
43.8
32.1
11.8
25
37.8
37.3
14.4
9.74
0
0
25.7
14.7
22.9
46.9
17.1
0
0
0
0
29.5
33.4
39.3
15.3
17.4
36
27.4
54.2
27.8
0
0
0
28.9
45.8
16.8
16.1
84.8
76.1
109
67.9
16.4
0
48
92.6
148
117
113
81
48.7
14
15.6
44.6
34.6
60.9
84.9
48.3
11.6
12.2
23.3
33.1
45.5
65.4
54.2
39.4
24.5
22.8
16.2
45.2
50.3
9.08
0
0
0
0
0
0
0
0
0
0
60.8
122
93.2
83.9
106
95.5
83.2
36.6
15.6
65.2
75.9
70.8
51.3
13.3
16.9
92.6
35.7
40.2
59.2
64.9
83.9
74
61.2
58.4
52.5
36.5
32
34
34.3
33.5
21.7
0
0
25.6
80.8
93.8
107
109
94
67
43.1
46.5
61.5
56.8
45.2
34.5
57.9
46.7
32
32.7
33.5
63.4
72.9
49.8
24.3
10.1
43.6
43.2
34.7
36.1
36.6
37
25.6
0
23.7
13.4
0
0
19.7
50.9
51.3
78.1
94.8
90.6
87.1
39.3
46.2
59
43.1
17.2
0
57.1
729
126
216
218
199
180
148
123
115
103
73.4
53.7
37.8
57.8
75.5
52.6
42.3
28.3
26.4
25.3
20.8
0
0
0
0
0
16.9
64.8
67.5
84.1
83.2
95.5
98.1
101
96.4
79.8
48.8
39.9
41.6
64
54.2
41.2
42.4
42.8
41.9
39.3
37.4
52
44.9
39.7
36
28.6
28.1
25.5
27.1
27.5
26
27.2
25.4
25.6
25.2
24.6
23.4
25.8
25.2
